(( 1.6368461426237, 66.137095898158, 32), W )
(( 1.7733783262635, 78.862858557606, 29), M )
(( 1.6525481650288, 59.430717546617, 36), W )
(( 1.7568435162671, 75.125911020951, 27), M )
(( 1.6385968019519, 73.18090964942, 31), W )
(( 1.5124349040183, 74.75801838234, 35), M )
(( 1.6093443242639, 59.006028495462, 33), W )
(( 1.7213689045535, 81.632671377583, 35), M )
(( 1.7455559011252, 73.496927404389, 33), W )
(( 1.6848098518795, 78.762852819379, 32), M )
(( 1.7479946783023, 67.940587386956, 36), W )
(( 1.7060277341918, 63.678227683072, 33), W )
(( 1.7979335266155, 83.718285186765, 29), M )
(( 1.6923092249378, 81.683719428808, 34), M )
